SchoolCode
Town
Charter_School
Public_School
04050607
K
PKK01020304050607
PK0304
PK05060708
03040506
030405060708
PK03040506
0708
030405
PKK0102030405
050607080910
K010205060708
PKK01
PKK01020304
020304
PKK
0809101112
03040506070809101112
0304
060708
0607080910
PK
06070809101112
PKK010203
0203040506
6
K0102030405060708091011
091112
PK060708
01020304
K0102
K01
0405060708
K010203040506
PKK0102040506070809101112
0607
0304050607
070809101112
05060708
1112
0506
040506070809101112
PK09101112
0506070809101112
K0102030405
K010506070809101112
050607
PKK09101112
K0102070809101112
PKK010203040506
060708091011
K010203040506070809101112
0405
02030405
K010203
010203
091011
040506
K0102030405060708
0102030405
4
02030405060708
K010203040506070809
PK0609101112
09101112
PKK0102
0203
K01020304
PKK010203040506070809101112
0102030405060708
010203040506070809101112
101112
K01020304050607
PKK0102030405060708
35090000
00260000
02070000
04200000
07730000
01480000
00100000
03440000
03070000
04460000
00390000
02480000
00160000
03460000
06950000
04240000
00450000
00870000
01630000
01360000
02870000
00790000
00970000
08520000
00030000
00300000
01520000
00650000
04300000
06400000
04090000
00820000
00890000
04400000
01250000
03230000
07700000
00250000
00350000
06650000
06900000
00280000
02720000
07120000
08230000
00500000
01850000
04870000
01390000
00910000
01350000
04370000
08290000
04580000
00200000
02230000
02640000
04380000
00090000
02110000
01640000
06100000
01810000
06500000
39020000
08510000
04910000
04960000
02290000
01370000
02620000
02850000
09100000
08530000
06550000
02260000
02580000
04190000
03430000
07600000
06720000
04830000
02840000
00720000
00460000
04690000
04060000
03050000
02270000
02200000
02880000
00400000
02380000
02910000
00780000
04120000
01730000
04550000
00640000
02090000
02630000
02100000
01870000
01670000
06740000
04070000
01580000
04990000
07400000
00850000
02510000
00830000
07750000
02170000
08150000
00180000
06050000
00990000
06580000
02770000
04930000
06620000
00950000
04280000
04110000
04860000
07500000
03140000
04540000
06450000
04270000
35010000
02930000
07800000
09150000
00510000
03270000
04840000
06160000
00680000
04800000
02340000
08600000
00440000
04360000
02520000
01090000
04170000
35170000
00980000
01170000
02420000
04290000
06180000
03420000
04500000
01620000
02650000
01590000
02900000
01720000
01440000
08710000
02500000
35070000
07300000
07450000
06200000
08720000
04440000
01110000
01210000
35040000
04810000
01970000
07630000
01680000
02210000
00430000
03080000
04680000
06980000
01750000
03370000
03090000
04140000
04160000
04790000
00860000
00170000
07280000
03350000
04970000
04820000
08790000
02660000
02300000
02690000
35100000
04100000
04980000
03500000
01860000
00240000
07780000
08060000
04310000
01050000
02890000
02750000
04320000
03180000
08180000
00670000
01700000
02120000
01500000
07000000
00490000
06250000
04560000
07200000
02490000
00520000
06750000
02040000
06030000
01760000
08550000
01450000
00630000
08320000
02180000
01780000
02390000
07050000
01910000
02710000
01840000
06700000
02530000
39010000
04260000
01540000
01280000
08170000
03010000
35130000
00140000
35140000
01310000
01820000
00070000
01180000
01530000
03300000
04470000
06730000
00740000
03250000
06600000
00610000
03160000
02810000
07740000
01740000
04530000
00360000
02920000
02080000
01420000
01960000
35080000
02780000
03310000
04640000
01410000
04450000
02760000
04490000
02240000
02430000
01710000
00270000
00710000
01380000
01270000
06220000
08210000
03260000
03000000
35050000
01600000
06800000
04520000
08780000
00410000
01690000
04350000
02980000
06830000
07150000
04890000
07660000
01650000
04130000
01890000
00940000
04740000
01980000
35020000
04630000
08300000
03170000
02190000
35120000
07250000
08730000
04880000
02130000
01610000
04940000
02400000
08050000
07170000
07670000
08010000
01550000
03700000
03490000
35060000
04660000
02610000
02730000
35110000
01070000
03410000
06320000
00730000
01490000
02310000
03150000
03360000
00930000
02950000
00380000
01100000
07530000
03220000
04700000
04770000
03400000
01030000
02440000
07100000
04920000
00310000
01570000
00050000
04180000
08100000
00880000
03040000
00230000
03470000
03210000
07350000
02010000
00960000
00010000
00770000
04850000
02360000
04780000
35150000
08280000
03480000
00480000
01510000
02460000
07650000
04410000
35030000
01000000
03060000
00570000
01770000
01330000
04390000
03320000
00560000
06000000
01990000
01220000
06350000
35160000
01010000
01140000
00080000
08250000
06150000
02150000
08760000
06850000
02960000
02140000
07550000
03100000
08850000
AccountabilityandAssistanceLevel_Insufficient_data
AccountabilityandAssistanceLevel_Level_1
AccountabilityandAssistanceLevel_Level_2
AccountabilityandAssistanceLevel_Level_3
AccountabilityandAssistanceLevel_Level_4
AccountabilityandAssistanceLevel_Level_5
District_AccountabilityandAssistanceLevel_Insufficient_data
District_AccountabilityandAssistanceLevel_Level_1
District_AccountabilityandAssistanceLevel_Level_2
District_AccountabilityandAssistanceLevel_Level_3
District_AccountabilityandAssistanceLevel_Level_4
District_AccountabilityandAssistanceLevel_Level_5
